1 0 0 00
0 0 0 00
0 1 0 00
0 1 0 01
0 1 0 02
0 1 0 03
0 1 0 04
0 1 0 05
0 1 0 06
0 1 0 07
0 1 0 08
0 1 0 09
0 1 0 0A
0 1 0 0B
0 1 0 0C
0 1 0 0D
0 1 0 0E
0 1 0 0F
0 1 1 A0
0 1 1 90
0 1 1 90
0 1 1 0D
0 1 1 B7
0 1 1 16
0 1 1 AF
0 1 1 7F
0 1 1 C0
0 1 1 A2
0 1 1 E5
0 1 1 AB
0 1 1 9D
0 1 1 9B
0 1 1 86
0 1 1 85
0 1 1 A9
0 1 1 DD
0 1 1 10
0 1 1 2C
0 1 1 95
0 1 1 9B
0 1 1 90
0 1 1 03
0 1 1 B5
0 1 1 AA
0 1 1 FF
0 1 1 5C
0 1 1 EC
0 1 1 A4
0 1 1 53
0 1 1 26
0 1 1 2A
0 1 1 E0
0 1 1 98
0 1 1 FC
0 1 1 2C
0 1 1 1E
0 1 1 4C
0 1 1 3B
0 1 1 19
0 1 1 F8
0 1 1 80
0 1 1 23
0 1 1 96
0 1 1 2C
0 1 1 1C
0 1 1 43
0 1 1 C6
0 1 1 00
0 1 1 CA
0 1 1 B7
0 1 1 DB
0 1 1 FC
0 1 1 5C
0 1 1 25
0 1 1 40
0 1 1 BD
0 1 1 6A
0 1 1 69
0 1 1 FA
0 1 1 2A
0 1 1 04
0 1 1 B1
0 1 1 5B
0 1 1 7D
0 1 1 B4
0 1 1 31
0 1 1 1E
0 1 1 18
0 1 1 D2
0 1 1 3C
0 1 1 73
0 1 1 33
0 1 1 02
0 1 1 46
0 1 1 27
0 1 1 18
0 1 1 27
0 1 1 15
0 1 1 0D
0 1 1 AE
0 1 1 CD
0 1 1 15
0 1 1 27
0 1 1 9E
0 1 1 6E
0 1 1 67
0 1 1 BD
0 1 1 ED
0 1 1 67
0 1 1 72
0 1 1 66
0 1 1 FA
0 1 1 25
0 1 1 63
0 1 1 8A
0 1 1 6C
0 1 1 73
0 1 1 4E
